%YAML:1.0
---
black_template: !!opencv-matrix
   rows: 21
   cols: 21
   dt: f
   data: [ 75., 75., 8.99999924e+01, 8.24999847e+01, 9.75000076e+01,
       1.27499977e+02, 1.27499977e+02, 1.27499977e+02, 1.87499985e+02,
       2.02499969e+02, 2.02499969e+02, 1.72499985e+02, 1.42499969e+02,
       1.35000015e+02, 1.57499969e+02, 150., 120., 1.04999977e+02, 75.,
       6.74999847e+01, 6.74999924e+01, 75., 6.75000000e+01,
       6.75000076e+01, 1.04999992e+02, 1.12499985e+02, 1.42499969e+02,
       1.49999985e+02, 1.57499985e+02, 1.87499969e+02, 2.09999969e+02,
       2.09999969e+02, 1.72499985e+02, 1.49999969e+02, 1.42499969e+02,
       1.42499969e+02, 1.42499985e+02, 120., 8.99999924e+01,
       9.74999847e+01, 6.75000076e+01, 6.75000000e+01, 7.49999924e+01,
       7.49999924e+01, 8.99999924e+01, 1.19999977e+02, 1.64999985e+02,
       2.09999954e+02, 2.17499969e+02, 2.09999954e+02, 2.32499954e+02,
       2.17499969e+02, 2.17499969e+02, 1.87499985e+02, 1.87499985e+02,
       1.87499985e+02, 1.94999969e+02, 1.79999985e+02, 1.57499985e+02,
       1.12499985e+02, 1.04999969e+02, 7.49999924e+01, 9.74999847e+01,
       1.04999969e+02, 1.12499969e+02, 1.27500008e+02, 1.94999969e+02,
       2.32499954e+02, 2.24999985e+02, 2.17499954e+02, 2.17499969e+02,
       2.02499969e+02, 180., 1.87499985e+02, 1.87499985e+02,
       1.94999969e+02, 2.02499969e+02, 2.02499969e+02, 1.72499985e+02,
       1.72499985e+02, 1.27499977e+02, 1.12499985e+02, 1.12500000e+02,
       1.12499985e+02, 1.12500008e+02, 1.27500008e+02, 2.17499969e+02,
       2.24999969e+02, 2.24999969e+02, 2.17499969e+02, 2.25000015e+02,
       1.94999985e+02, 1.87499985e+02, 1.49999969e+02, 1.57499985e+02,
       1.57499985e+02, 180., 2.17499954e+02, 2.17499954e+02,
       2.02500015e+02, 2.02499985e+02, 1.64999969e+02, 1.34999985e+02,
       1.42500000e+02, 135., 1.27499985e+02, 2.02499969e+02,
       2.24999985e+02, 2.39999969e+02, 2.32499954e+02, 2.25000015e+02,
       1.94999985e+02, 1.64999969e+02, 1.34999985e+02, 1.34999985e+02,
       1.42499985e+02, 1.42499985e+02, 1.49999969e+02, 180.,
       2.09999985e+02, 2.17499954e+02, 2.02499985e+02, 1.79999985e+02,
       1.57499969e+02, 1.72500000e+02, 1.42499985e+02, 1.49999985e+02,
       210., 2.32499954e+02, 2.17499954e+02, 195., 180., 1.49999969e+02,
       1.27499985e+02, 8.25000000e+01, 75., 8.25000000e+01,
       9.75000000e+01, 1.19999992e+02, 1.57499985e+02, 2.02499969e+02,
       2.17499954e+02, 2.02499985e+02, 1.79999969e+02, 1.72500000e+02,
       165., 1.57499985e+02, 1.80000015e+02, 2.17499969e+02,
       2.17499954e+02, 210., 1.72500015e+02, 1.57499969e+02,
       9.74999847e+01, 3.75000000e+01, 2.99999962e+01, 2.99999962e+01,
       2.99999962e+01, 3.75000000e+01, 8.24999924e+01, 1.27499992e+02,
       1.57499985e+02, 1.94999969e+02, 2.02499985e+02, 1.87499985e+02,
       1.72500000e+02, 1.42499969e+02, 150., 1.94999985e+02, 210.,
       2.09999985e+02, 1.94999985e+02, 1.49999969e+02, 8.24999924e+01,
       15., 15., 7.50000000e+00, 0., 0., 1.49999981e+01, 3.75000000e+01,
       1.04999992e+02, 1.34999985e+02, 180., 2.02499985e+02,
       1.94999985e+02, 1.94999969e+02, 1.57499985e+02, 1.42499985e+02,
       2.09999985e+02, 2.09999985e+02, 1.94999969e+02, 1.72499985e+02,
       8.99999924e+01, 2.24999981e+01, 7.50000000e+00, 0., 0., 0., 0.,
       0., 1.49999981e+01, 60., 1.12499992e+02, 1.94999969e+02,
       2.24999985e+02, 2.24999985e+02, 1.94999969e+02, 1.87499985e+02,
       165., 2.24999985e+02, 2.02499954e+02, 1.94999969e+02,
       1.42500000e+02, 6.74999924e+01, 2.25000019e+01, 30.,
       2.25000019e+01, 1.49999981e+01, 1.49999981e+01, 7.49999905e+00,
       7.49999905e+00, 15., 30., 1.04999992e+02, 1.87499985e+02,
       2.24999969e+02, 2.32499954e+02, 2.09999969e+02, 1.79999985e+02,
       1.64999985e+02, 2.39999985e+02, 2.17499954e+02, 1.94999969e+02,
       1.42499969e+02, 1.04999969e+02, 60., 60., 60., 4.49999962e+01,
       4.49999962e+01, 4.49999962e+01, 30., 4.49999962e+01,
       8.24999847e+01, 1.49999985e+02, 2.17500000e+02, 2.47499969e+02,
       2.47499969e+02, 2.17499985e+02, 2.02499969e+02, 1.64999985e+02,
       2.17499969e+02, 2.17499954e+02, 2.09999985e+02, 1.79999985e+02,
       1.27500008e+02, 9.74999847e+01, 8.99999924e+01, 8.99999924e+01,
       8.24999847e+01, 6.74999924e+01, 5.99999924e+01, 5.99999924e+01,
       8.24999847e+01, 1.12499985e+02, 1.80000015e+02, 2.47499969e+02,
       255., 2.47499969e+02, 2.09999969e+02, 1.57500000e+02,
       1.12500000e+02, 1.87499985e+02, 2.17499985e+02, 2.17499985e+02,
       2.09999985e+02, 1.87499985e+02, 1.57500000e+02, 1.42499969e+02,
       120., 9.74999695e+01, 8.24999847e+01, 8.99999924e+01,
       8.24999847e+01, 9.74999695e+01, 1.79999985e+02, 2.39999985e+02,
       255., 255., 2.32499954e+02, 1.87499985e+02, 1.34999985e+02,
       1.12499985e+02, 1.42499969e+02, 1.87500000e+02, 210.,
       2.17499969e+02, 2.02499969e+02, 2.02499969e+02, 1.87499985e+02,
       1.57499985e+02, 1.49999969e+02, 1.34999985e+02, 1.42499985e+02,
       1.42500000e+02, 1.87499985e+02, 2.24999969e+02, 2.24999985e+02,
       2.39999969e+02, 2.32499954e+02, 2.02499969e+02, 1.49999969e+02,
       1.12499992e+02, 1.19999985e+02, 1.12500000e+02, 1.49999969e+02,
       165., 1.72500015e+02, 2.02499969e+02, 2.09999985e+02,
       2.17499969e+02, 2.17499969e+02, 2.02500000e+02, 1.87499985e+02,
       1.94999969e+02, 1.87499985e+02, 1.87499985e+02, 1.94999969e+02,
       2.02499969e+02, 2.09999985e+02, 1.94999985e+02, 165.,
       1.19999992e+02, 1.12499992e+02, 1.12499992e+02, 105.,
       1.27499985e+02, 1.72500000e+02, 210., 2.24999985e+02,
       2.32499954e+02, 2.32499954e+02, 2.24999969e+02, 2.24999969e+02,
       2.17499985e+02, 2.17499985e+02, 2.02499985e+02, 2.02500000e+02,
       2.24999985e+02, 2.17499985e+02, 2.24999985e+02, 1.94999969e+02,
       165., 1.12499992e+02, 1.12499992e+02, 75., 8.24999924e+01,
       1.19999977e+02, 1.72500000e+02, 1.87499985e+02, 2.17499969e+02,
       2.17499969e+02, 2.09999985e+02, 2.02499969e+02, 225.,
       2.39999969e+02, 2.32499954e+02, 1.94999985e+02, 1.87499985e+02,
       2.02499969e+02, 2.02499985e+02, 2.02499985e+02, 180., 150.,
       1.19999969e+02, 8.99999924e+01, 105., 7.49999847e+01, 120.,
       1.27499992e+02, 165., 2.02499969e+02, 1.87499985e+02,
       1.87499985e+02, 1.87499985e+02, 180., 180., 180., 1.49999969e+02,
       1.57499969e+02, 1.42499969e+02, 1.64999969e+02, 1.42499985e+02,
       1.42499969e+02, 1.19999985e+02, 1.05000008e+02, 8.99999924e+01,
       8.99999924e+01, 1.12500000e+02, 1.12500008e+02, 1.34999985e+02,
       1.57499969e+02, 1.49999985e+02, 1.42499985e+02, 1.34999985e+02,
       1.12499992e+02, 1.34999985e+02, 1.42499969e+02, 1.49999985e+02,
       1.27500000e+02, 1.12499977e+02, 1.12499977e+02, 1.34999969e+02,
       1.34999969e+02, 120., 1.12500000e+02, 120., 1.27500008e+02,
       1.42500000e+02, 1.42499969e+02, 120., 1.34999969e+02,
       1.27500000e+02, 1.04999992e+02, 8.24999924e+01, 7.49999924e+01,
       7.49999924e+01, 1.12499992e+02, 1.12499992e+02, 1.27499985e+02,
       9.74999924e+01, 8.99999924e+01, 9.74999924e+01, 1.04999985e+02,
       1.27499985e+02, 1.57499985e+02, 1.57499985e+02, 1.34999969e+02,
       1.42500000e+02, 150. ]
