%YAML:1.0
---
empty_template: !!opencv-matrix
   rows: 21
   cols: 21
   dt: f
   data: [ 5.01206741e+01, 3.95689774e+01, 3.78103485e+01,
       3.25344620e+01, 2.90172329e+01, 2.63793030e+01, 2.46206875e+01,
       2.46206894e+01, 1.09034531e+02, 2.27741409e+02, 2.38293121e+02,
       2.11913727e+02, 8.61723785e+01, 3.42931137e+01, 3.25344734e+01,
       3.78103485e+01, 3.42930832e+01, 3.69310493e+01, 3.95689697e+01,
       4.30862198e+01, 5.01206932e+01, 3.60517159e+01, 3.07758484e+01,
       3.07758484e+01, 3.16551819e+01, 2.72586098e+01, 2.46206875e+01,
       2.28620586e+01, 2.28620796e+01, 1.11672409e+02, 2.31258606e+02,
       2.40051666e+02, 2.12793076e+02, 8.26551819e+01, 2.63793106e+01,
       2.54999962e+01, 2.98965549e+01, 2.81379414e+01, 2.81379395e+01,
       2.63793068e+01, 3.51724091e+01, 4.74827232e+01, 3.51724129e+01,
       2.46206932e+01, 2.37413788e+01, 2.28620758e+01, 2.11034470e+01,
       1.84655266e+01, 1.58275833e+01, 1.58275833e+01, 1.05517235e+02,
       2.24224106e+02, 2.35655212e+02, 2.10155289e+02, 7.73792801e+01,
       1.67068977e+01, 1.67069016e+01, 1.49482727e+01, 1.40689611e+01,
       1.93448238e+01, 2.19827614e+01, 2.98965340e+01, 3.69310379e+01,
       3.25344849e+01, 1.93448315e+01, 1.93448257e+01, 1.67069035e+01,
       1.58275852e+01, 1.40689611e+01, 1.05517225e+01, 1.23103447e+01,
       1.02879349e+02, 2.27741318e+02, 2.36534454e+02, 2.07517242e+02,
       6.85862045e+01, 7.91379261e+00, 7.03448105e+00, 7.03448153e+00,
       9.67240906e+00, 1.49482689e+01, 1.84655209e+01, 2.46206856e+01,
       3.78103447e+01, 2.98965645e+01, 2.37413826e+01, 2.11034451e+01,
       1.67069016e+01, 1.23103495e+01, 7.03448105e+00, 5.27585983e+00,
       6.15517139e+00, 1.01120682e+02, 2.28620621e+02, 2.37413727e+02,
       2.07517227e+02, 6.41896439e+01, 3.51724076e+00, 4.39655066e+00,
       7.03448105e+00, 1.31896563e+01, 1.49482841e+01, 1.67069016e+01,
       3.16551781e+01, 3.78103638e+01, 2.90172329e+01, 2.55000000e+01,
       2.28620682e+01, 1.49482765e+01, 1.31896458e+01, 7.03448105e+00,
       5.27585983e+00, 5.27586126e+00, 9.93620453e+01, 2.29499939e+02,
       2.38293182e+02, 2.05758652e+02, 6.41896439e+01, 2.63793063e+00,
       4.39655066e+00, 9.67240906e+00, 1.40689564e+01, 1.75862103e+01,
       2.63793011e+01, 2.90172443e+01, 3.34138069e+01, 3.25344658e+01,
       2.28620663e+01, 2.46206894e+01, 1.75862026e+01, 1.40689592e+01,
       7.91379166e+00, 4.39654922e+00, 3.51724100e+00, 9.40862198e+01,
       2.28620682e+02, 2.38293182e+02, 2.04879333e+02, 6.24310341e+01,
       2.63793087e+00, 4.39655113e+00, 7.91379166e+00, 1.31896534e+01,
       2.11034489e+01, 2.63793030e+01, 2.63792973e+01, 2.90172443e+01,
       3.34137878e+01, 2.11034431e+01, 2.46206894e+01, 1.84655209e+01,
       1.31896553e+01, 6.15516996e+00, 3.51724124e+00, 2.63793087e+00,
       8.96896744e+01, 2.26861969e+02, 2.37413742e+02, 2.02241394e+02,
       5.80344887e+01, 1.75862062e+00, 3.51724124e+00, 7.03448009e+00,
       1.31896486e+01, 2.37413788e+01, 2.55000000e+01, 2.28620644e+01,
       2.81379204e+01, 8.35344696e+01, 7.82585678e+01, 8.26551437e+01,
       8.17758636e+01, 7.65000000e+01, 6.94655457e+01, 6.33103409e+01,
       6.06724358e+01, 1.33655197e+02, 2.37413818e+02, 2.42689667e+02,
       2.18948227e+02, 1.07275871e+02, 5.89138069e+01, 6.41896667e+01,
       6.85862274e+01, 7.21034088e+01, 7.82586517e+01, 7.56206589e+01,
       7.64999619e+01, 8.26551285e+01, 2.29499939e+02, 2.27741348e+02,
       2.31258530e+02, 2.30379257e+02, 2.27741364e+02, 2.28620636e+02,
       2.25103485e+02, 2.18068939e+02, 2.34775848e+02, 255., 255.,
       2.53241333e+02, 2.34775803e+02, 2.25103500e+02, 2.26862091e+02,
       2.25982773e+02, 2.26862061e+02, 2.24224136e+02, 2.21586197e+02,
       2.23344879e+02, 2.25982788e+02, 2.38293106e+02, 2.36534485e+02,
       2.39172501e+02, 2.38293182e+02, 2.37413757e+02, 2.37413757e+02,
       2.34775833e+02, 2.28620697e+02, 2.39172394e+02, 255., 255., 255.,
       2.44448242e+02, 2.37413803e+02, 2.37413803e+02, 2.34775833e+02,
       2.35655136e+02, 2.33017242e+02, 2.29499969e+02, 2.29499969e+02,
       2.32137878e+02, 2.36534454e+02, 2.33017197e+02, 2.33017197e+02,
       2.31258652e+02, 2.32137909e+02, 2.31258591e+02, 2.28620636e+02,
       2.18948242e+02, 2.33017181e+02, 255., 255., 2.54120728e+02,
       2.41810318e+02, 2.33017273e+02, 2.33017212e+02, 2.30379257e+02,
       2.30379227e+02, 2.28620682e+02, 2.24224152e+02, 2.23344818e+02,
       2.23344849e+02, 1.14310310e+02, 1.06396507e+02, 1.03758636e+02,
       1.02879318e+02, 9.76034851e+01, 9.14482498e+01, 8.00172195e+01,
       7.29827499e+01, 1.54758621e+02, 2.44448303e+02, 2.52362045e+02,
       2.28620636e+02, 1.30137924e+02, 9.23275986e+01, 9.58448715e+01,
       9.76034546e+01, 1.01999992e+02, 1.01120712e+02, 9.93620911e+01,
       1.01120674e+02, 1.03758629e+02, 3.51724167e+01, 2.19827576e+01,
       2.11034451e+01, 1.49482727e+01, 9.67241192e+00, 3.51724124e+00,
       8.79310071e-01, 8.79310131e-01, 9.05689545e+01, 2.24224136e+02,
       2.33896545e+02, 1.96965546e+02, 5.36379318e+01, 2.63793063e+00,
       6.15517187e+00, 7.91379166e+00, 1.58275890e+01, 1.58275909e+01,
       1.93448277e+01, 2.28620625e+01, 2.55000076e+01, 3.42931061e+01,
       2.19827576e+01, 1.84655247e+01, 1.31896477e+01, 7.03448009e+00,
       3.51724124e+00, 8.79310310e-01, 3.51724029e+00, 9.67241440e+01,
       2.26862030e+02, 2.36534485e+02, 2.00482697e+02, 5.97930984e+01,
       2.63793039e+00, 6.15517187e+00, 7.91379166e+00, 1.31896515e+01,
       1.84655209e+01, 1.93448296e+01, 2.11034431e+01, 2.81379299e+01,
       3.16551590e+01, 1.93448238e+01, 1.67068977e+01, 1.14310331e+01,
       4.39655066e+00, 3.51724076e+00, 3.51724029e+00, 5.27586079e+00,
       1.01120689e+02, 2.26862030e+02, 2.36534485e+02, 2.02241364e+02,
       6.24310303e+01, 3.51724029e+00, 8.79310226e+00, 1.05517216e+01,
       1.31896496e+01, 1.67069016e+01, 1.93448238e+01, 2.11034431e+01,
       2.63792973e+01, 3.42931061e+01, 1.84655228e+01, 1.31896467e+01,
       1.05517225e+01, 7.03448009e+00, 7.91379452e+00, 7.03447962e+00,
       9.67241192e+00, 1.03758598e+02, 2.27741455e+02, 2.37413803e+02,
       2.04879395e+02, 6.33103714e+01, 7.03448343e+00, 8.79310513e+00,
       1.14310389e+01, 1.14310389e+01, 1.67069054e+01, 2.28620701e+01,
       2.54999943e+01, 3.16551704e+01, 3.25344696e+01, 1.75862064e+01,
       1.67069035e+01, 1.05517216e+01, 1.14310312e+01, 1.23103476e+01,
       1.23103476e+01, 1.40689583e+01, 1.03758614e+02, 2.25982819e+02,
       2.33896530e+02, 2.03120743e+02, 6.94654999e+01, 9.67241001e+00,
       9.67241001e+00, 1.40689573e+01, 1.58275824e+01, 1.67069035e+01,
       2.19827652e+01, 2.46206932e+01, 3.60517120e+01, 3.16551743e+01,
       2.02241421e+01, 1.67069016e+01, 1.84655190e+01, 1.93448315e+01,
       1.84655285e+01, 1.84655266e+01, 1.93448257e+01, 1.09913811e+02,
       2.27741425e+02, 2.35655106e+02, 2.05758652e+02, 7.64999847e+01,
       1.84655190e+01, 1.75861969e+01, 2.19827518e+01, 1.84655170e+01,
       2.11034508e+01, 2.11034451e+01, 2.63793030e+01, 3.69310341e+01,
       4.04482803e+01, 3.16551723e+01, 2.90172272e+01, 2.98965435e+01,
       3.16551800e+01, 3.16551819e+01, 2.63793011e+01, 2.98965378e+01,
       1.14310341e+02, 2.30379288e+02, 2.40931000e+02, 2.14551743e+02,
       8.79310226e+01, 3.25344696e+01, 3.60517197e+01, 3.51724091e+01,
       3.42931061e+01, 3.34138031e+01, 3.42930946e+01, 3.60517273e+01,
       4.66034431e+01, 4.57241173e+01, 4.13275757e+01, 4.04482765e+01,
       3.78103447e+01, 3.42930984e+01, 3.07758617e+01, 2.63793144e+01,
       2.90172291e+01, 1.08155197e+02, 2.30379272e+02, 2.40051743e+02,
       2.17189636e+02, 9.14482651e+01, 3.69310265e+01, 3.60517120e+01,
       3.86896591e+01, 4.13275795e+01, 3.69310265e+01, 3.95689621e+01,
       4.48448410e+01, 5.45172348e+01 ]
