%YAML:1.0
---
white_template: !!opencv-matrix
   rows: 21
   cols: 21
   dt: f
   data: [ 9.64864731e+01, 1.10270256e+02, 1.51621582e+02,
       1.65405396e+02, 1.79189163e+02, 1.72297302e+02, 1.65405380e+02,
       1.51621582e+02, 2.06756729e+02, 2.27432419e+02, 2.34324295e+02,
       2.20540527e+02, 1.51621628e+02, 1.65405380e+02, 1.65405380e+02,
       1.72297287e+02, 1.65405396e+02, 1.30945938e+02, 1.03378365e+02,
       1.10270256e+02, 1.44729736e+02, 1.44729721e+02, 1.30945953e+02,
       1.51621597e+02, 1.79189178e+02, 2.06756729e+02, 2.06756744e+02,
       1.92972961e+02, 1.72297287e+02, 1.99864853e+02, 2.06756729e+02,
       2.13648621e+02, 1.92972961e+02, 1.99864853e+02, 1.72297302e+02,
       1.86081055e+02, 1.79189163e+02, 1.72297287e+02, 1.37837814e+02,
       1.24054031e+02, 9.64864731e+01, 1.24054047e+02, 1.51621628e+02,
       1.65405396e+02, 1.92972961e+02, 1.92972977e+02, 1.79189209e+02,
       1.65405411e+02, 1.44729706e+02, 1.37837814e+02, 1.51621597e+02,
       1.58513489e+02, 1.58513489e+02, 1.65405396e+02, 1.79189194e+02,
       1.86081070e+02, 2.06756744e+02, 2.13648605e+02, 1.92972931e+02,
       1.79189163e+02, 1.65405396e+02, 1.44729706e+02, 1.30945953e+02,
       1.99864868e+02, 1.86081070e+02, 2.06756729e+02, 1.99864853e+02,
       1.65405426e+02, 1.30945938e+02, 1.03378372e+02, 1.10270256e+02,
       1.17162148e+02, 1.17162148e+02, 1.24054039e+02, 1.37837814e+02,
       1.58513489e+02, 1.72297287e+02, 1.86081055e+02, 1.99864853e+02,
       2.27432434e+02, 2.27432419e+02, 1.92972946e+02, 1.72297287e+02,
       1.58513519e+02, 2.13648621e+02, 2.20540527e+02, 2.06756744e+02,
       1.65405396e+02, 1.24054039e+02, 8.95945969e+01, 7.58107986e+01,
       6.89189224e+01, 6.89189148e+01, 8.27027054e+01, 1.03378372e+02,
       1.03378372e+02, 1.30945938e+02, 1.44729721e+02, 1.72297287e+02,
       1.86081055e+02, 1.99864853e+02, 2.34324280e+02, 2.27432419e+02,
       1.86081055e+02, 1.79189163e+02, 2.27432404e+02, 2.13648621e+02,
       1.72297287e+02, 1.17162155e+02, 8.27027054e+01, 2.75675659e+01,
       1.37837839e+01, 2.06756763e+01, 2.75675678e+01, 3.44594574e+01,
       4.13513489e+01, 6.89189148e+01, 8.27027054e+01, 1.10270264e+02,
       1.37837814e+02, 1.65405396e+02, 1.92972961e+02, 2.13648621e+02,
       2.27432419e+02, 2.06756729e+02, 1.86081055e+02, 2.20540527e+02,
       1.92972961e+02, 1.30945938e+02, 8.95945892e+01, 2.75675678e+01,
       0., 0., 0., 0., 0., 0., 1.37837830e+01, 4.82432442e+01,
       7.58108063e+01, 1.03378380e+02, 1.30945938e+02, 1.65405396e+02,
       2.13648621e+02, 2.20540512e+02, 2.13648605e+02, 1.86081055e+02,
       2.06756744e+02, 1.44729721e+02, 1.17162148e+02, 6.89189148e+01,
       1.37837830e+01, 0., 0., 0., 0., 0., 0., 0., 1.37837830e+01,
       3.44594536e+01, 8.27027054e+01, 1.03378380e+02, 1.51621597e+02,
       2.13648621e+02, 2.06756729e+02, 2.13648605e+02, 1.86081055e+02,
       1.58513489e+02, 1.51621613e+02, 8.95945969e+01, 3.44594574e+01,
       1.37837830e+01, 0., 0., 0., 0., 0., 0., 0., 0., 6.89189148e+00,
       4.82432404e+01, 8.27027054e+01, 1.17162148e+02, 1.79189194e+02,
       1.99864853e+02, 2.13648636e+02, 1.86081055e+02, 1.72297287e+02,
       1.44729736e+02, 8.95945969e+01, 2.75675659e+01, 1.37837830e+01,
       0., 0., 0., 0., 0., 0., 0., 0., 6.89189148e+00, 2.75675659e+01,
       6.89189148e+01, 1.10270256e+02, 1.79189194e+02, 2.06756729e+02,
       2.13648636e+02, 1.99864838e+02, 1.65405411e+02, 1.44729736e+02,
       8.27027054e+01, 2.75675659e+01, 2.06756744e+01, 6.89189148e+00,
       0., 0., 0., 0., 0., 0., 0., 0., 3.44594574e+01, 5.51351280e+01,
       1.24054039e+02, 1.65405411e+02, 2.13648651e+02, 2.13648636e+02,
       1.92972946e+02, 1.79189178e+02, 1.51621597e+02, 1.10270264e+02,
       5.51351395e+01, 2.75675659e+01, 6.89189148e+00, 0., 0., 0., 0.,
       0., 0., 0., 6.89189100e+00, 2.75675640e+01, 7.58108063e+01,
       1.24054039e+02, 1.92972961e+02, 2.34324280e+02, 2.27432419e+02,
       1.99864853e+02, 1.86081055e+02, 1.44729706e+02, 1.10270256e+02,
       6.89189148e+01, 4.82432327e+01, 1.37837830e+01, 0., 0., 0., 0.,
       0., 0., 6.89189100e+00, 1.37837820e+01, 4.82432404e+01,
       1.03378357e+02, 1.65405380e+02, 2.13648605e+02, 2.41216202e+02,
       2.13648636e+02, 1.92972931e+02, 1.79189178e+02, 1.72297302e+02,
       1.30945908e+02, 8.27027054e+01, 6.89189148e+01, 4.13513489e+01,
       2.75675640e+01, 2.06756744e+01, 6.89189148e+00, 0., 0.,
       6.89189100e+00, 2.06756744e+01, 6.20270233e+01, 9.64864731e+01,
       1.58513504e+02, 1.86081055e+02, 2.41216202e+02, 2.48108109e+02,
       2.13648621e+02, 1.72297287e+02, 1.99864853e+02, 1.79189178e+02,
       1.65405396e+02, 1.17162155e+02, 7.58108139e+01, 5.51351395e+01,
       5.51351395e+01, 4.13513489e+01, 2.75675640e+01, 3.44594536e+01,
       3.44594536e+01, 3.44594536e+01, 6.20270233e+01, 9.64864731e+01,
       1.51621628e+02, 1.86081055e+02, 2.20540512e+02, 255.,
       2.48108109e+02, 2.27432404e+02, 1.72297287e+02, 1.92972961e+02,
       1.72297287e+02, 1.65405396e+02, 1.24054062e+02, 1.03378365e+02,
       9.64864807e+01, 9.64864807e+01, 9.64864807e+01, 8.95945892e+01,
       8.95945892e+01, 9.64864655e+01, 1.03378365e+02, 1.37837814e+02,
       1.65405380e+02, 1.92972946e+02, 2.13648621e+02, 2.48108109e+02,
       2.48108109e+02, 2.34324326e+02, 2.06756744e+02, 1.30945938e+02,
       1.79189194e+02, 1.72297287e+02, 1.51621643e+02, 1.30945923e+02,
       1.30945938e+02, 1.44729721e+02, 1.24054031e+02, 1.03378372e+02,
       1.17162140e+02, 1.10270256e+02, 1.17162140e+02, 1.30945923e+02,
       1.72297287e+02, 1.92972946e+02, 2.20540512e+02, 2.41216202e+02,
       2.20540543e+02, 2.06756744e+02, 1.79189178e+02, 1.51621613e+02,
       1.37837845e+02, 1.58513489e+02, 1.65405396e+02, 1.65405396e+02,
       1.86081055e+02, 1.58513489e+02, 1.65405365e+02, 1.44729706e+02,
       1.17162155e+02, 1.58513489e+02, 1.58513504e+02, 1.72297287e+02,
       1.86081055e+02, 1.79189178e+02, 1.92972946e+02, 2.06756714e+02,
       2.20540543e+02, 2.13648621e+02, 1.86081055e+02, 1.44729736e+02,
       1.24054031e+02, 1.37837845e+02, 1.44729721e+02, 1.10270264e+02,
       1.72297302e+02, 1.86081055e+02, 1.92972961e+02, 1.92972946e+02,
       1.79189194e+02, 1.65405426e+02, 2.06756729e+02, 2.20540497e+02,
       2.27432404e+02, 2.27432404e+02, 1.79189178e+02, 1.65405411e+02,
       1.79189194e+02, 1.72297302e+02, 1.72297302e+02, 1.24054039e+02,
       1.17162148e+02, 1.10270256e+02, 1.37837830e+02, 1.30945938e+02,
       1.30945938e+02, 1.79189194e+02, 1.86081070e+02, 1.72297272e+02,
       1.65405396e+02, 1.58513489e+02, 1.51621597e+02, 1.99864868e+02,
       2.13648636e+02, 2.13648636e+02, 2.20540512e+02, 1.65405380e+02,
       1.72297318e+02, 1.65405411e+02, 1.44729721e+02, 1.17162148e+02,
       1.17162155e+02, 1.03378372e+02, 1.03378372e+02, 1.03378372e+02,
       9.64864655e+01, 1.24054039e+02, 1.37837830e+02, 1.51621613e+02,
       1.51621597e+02, 1.37837830e+02, 1.30945923e+02, 1.24054031e+02,
       1.79189194e+02, 1.92972961e+02, 1.92972961e+02, 1.92972961e+02,
       1.37837830e+02, 1.24054047e+02, 1.10270256e+02, 1.17162140e+02,
       1.10270248e+02, 1.03378357e+02, 8.27026978e+01, 8.27027054e+01,
       9.64864807e+01 ]
